<pre>
Vars 	 	  CCtr  NNtr  CCt   NNt   CCv   NNv
doy      	- +0.08 +0.25 +0.14 -0.02 +0.16 +0.11 
Bz      	- +0.04 +0.16 +0.13 -0.05 +0.16 +0.01 
Vsw      	- +0.04 +0.15 +0.14 -0.00 +0.15 +0.06 
Dst      	- +0.09 +0.24 +0.13 +0.08 +0.14 +0.14 
MLT      	- +0.05 +0.22 +0.16 +0.03 +0.19 +0.13 
F107      	- +0.40 +0.44 +0.43 +0.26 +0.42 +0.39 
Rhosw      	- +0.16 +0.27 +0.32 +0.08 +0.27 +0.19 
doy+Bz   	- +0.11 +0.30 +0.24 +0.01 +0.22 +0.11 
doy+Vsw   	- +0.10 +0.28 +0.23 -0.00 +0.24 +0.07 
doy+Dst   	- +0.13 +0.32 +0.24 -0.05 +0.25 -0.01 
doy+MLT   	- +0.18 +0.35 +0.30 +0.09 +0.29 +0.19 
doy+F107   	- +0.41 +0.47 +0.42 +0.25 +0.46 +0.37 
doy+Rhosw   	- +0.17 +0.33 +0.42 -0.19 +0.34 +0.06 
Bz+Vsw   	- +0.08 +0.18 +0.23 -0.07 +0.25 +0.00 
Bz+Dst   	- +0.08 +0.20 +0.22 -0.07 +0.25 -0.06 
Bz+MLT   	- +0.09 +0.33 +0.25 -0.06 +0.29 +0.03 
Bz+F107   	- +0.43 +0.46 +0.45 +0.33 +0.48 +0.39 
Bz+Rhosw   	- +0.16 +0.37 +0.34 +0.13 +0.37 +0.15 
Vsw+Dst   	- +0.10 +0.33 +0.24 -0.03 +0.22 +0.15 
Vsw+MLT   	- +0.10 +0.31 +0.30 +0.04 +0.29 +0.10 
Vsw+F107   	- +0.42 +0.48 +0.46 +0.31 +0.44 +0.31 
Vsw+Rhosw   	- +0.22 +0.38 +0.38 +0.05 +0.37 +0.10 
Dst+MLT   	- +0.14 +0.26 +0.25 -0.00 +0.30 +0.06 
Dst+F107   	- +0.42 +0.46 +0.43 +0.22 +0.45 +0.31 
Dst+Rhosw   	- +0.21 +0.31 +0.31 +0.01 +0.34 +0.00 
MLT+F107   	- +0.37 +0.45 +0.43 +0.27 +0.38 +0.27 
MLT+Rhosw   	- +0.12 +0.42 +0.46 +0.04 +0.45 +0.15 
F107+Rhosw   	- +0.42 +0.55 +0.52 +0.20 +0.52 +0.33 
doy+Bz+Vsw   	- +0.12 +0.29 +0.28 -0.01 +0.28 +0.09 
doy+Bz+Dst   	- +0.15 +0.34 +0.30 -0.05 +0.32 +0.01 
doy+Bz+MLT   	- +0.20 +0.52 +0.39 +0.09 +0.39 +0.24 
doy+Bz+F107   	- +0.44 +0.52 +0.48 +0.30 +0.50 +0.36 
doy+Bz+Rhosw   	- +0.18 +0.34 +0.51 -0.11 +0.45 +0.04 
doy+Vsw+Dst   	- +0.15 +0.37 +0.30 -0.03 +0.30 +0.08 
doy+Vsw+MLT   	- +0.20 +0.41 +0.37 -0.03 +0.38 +0.12 
doy+Vsw+F107   	- +0.41 +0.51 +0.51 +0.27 +0.48 +0.34 
doy+Vsw+Rhosw   	- +0.23 +0.42 +0.44 -0.04 +0.48 +0.05 
doy+Dst+MLT   	- +0.20 +0.45 +0.41 +0.09 +0.38 +0.17 
doy+Dst+F107   	- +0.43 +0.51 +0.51 +0.27 +0.45 +0.28 
doy+Dst+Rhosw   	- +0.19 +0.42 +0.45 -0.15 +0.46 -0.05 
doy+MLT+F107   	- +0.36 +0.51 +0.53 +0.23 +0.54 +0.29 
doy+MLT+Rhosw   	- +0.17 +0.52 +0.54 -0.01 +0.55 +0.20 
doy+F107+Rhosw   	- +0.43 +0.59 +0.58 +0.16 +0.58 +0.38 
Bz+F107+Rhosw   	- +0.44 +0.46 +0.57 +0.16 +0.57 +0.37 
Bz+MLT+Rhosw   	- +0.14 +0.45 +0.56 -0.03 +0.51 +0.17 
Bz+MLT+F107   	- +0.38 +0.51 +0.50 +0.18 +0.55 +0.33 
Bz+Dst+Rhosw   	- +0.21 +0.39 +0.38 +0.02 +0.43 +0.18 
Bz+Dst+F107   	- +0.43 +0.51 +0.55 +0.30 +0.47 +0.31 
Bz+Dst+MLT   	- +0.18 +0.30 +0.37 -0.02 +0.37 +0.05 
Bz+Vsw+Rhosw   	- +0.22 +0.45 +0.39 -0.06 +0.44 +0.08 
Bz+Vsw+F107   	- +0.44 +0.50 +0.49 +0.32 +0.49 +0.36 
Bz+Vsw+MLT   	- +0.13 +0.30 +0.39 -0.01 +0.38 +0.04 
Bz+Vsw+Dst   	- +0.12 +0.31 +0.29 -0.03 +0.30 +0.08 
Vsw+F107+Rhosw   	- +0.43 +0.53 +0.61 +0.23 +0.57 +0.25 
Vsw+MLT+Rhosw   	- +0.19 +0.61 +0.66 +0.02 +0.59 +0.21 
Vsw+MLT+F107   	- +0.39 +0.55 +0.54 +0.33 +0.53 +0.41 
Vsw+Dst+Rhosw   	- +0.22 +0.42 +0.46 +0.09 +0.43 +0.05 
Vsw+Dst+F107   	- +0.43 +0.54 +0.51 +0.32 +0.47 +0.33 
Vsw+Dst+MLT   	- +0.19 +0.27 +0.37 -0.05 +0.38 +0.03 
Dst+MLT+F107   	- +0.36 +0.50 +0.49 +0.17 +0.49 +0.32 
Dst+MLT+Rhosw   	- +0.16 +0.39 +0.56 -0.11 +0.55 +0.18 
Dst+F107+Rhosw   	- +0.43 +0.55 +0.57 +0.30 +0.58 +0.36 
MLT+F107+Rhosw   	- +0.29 +0.49 +0.61 +0.03 +0.57 +0.09 
doy+Bz+Vsw+Dst+MLT+F107+Rhosw	- +0.40 +0.62 +0.94 +0.01 +0.91 +0.21 
